Solutions for problem binary_10x10_2

Backtracking
Max Solutions, Found Solutions, Iterations, TotalMiliseconds
1,1,6856,80,362
2,2,7158,22,4416
3,3,7256,22,8181
4,4,7642,23,276
5,5,8150,25,2283
6,6,8950,28,1718
7,7,9054,31,0411
8,8,9400,29,3211
9,9,9636,31,7266
10,10,9744,32,1513
11,11,22152,66,7904
12,12,22412,71,3826
13,13,22518,67,4031
14,14,25040,74,656
15,15,25276,79,3568
16,16,25548,79,7118
17,17,32182,99,2528
18,18,32484,101,5015
19,19,32582,101,7445
20,20,32968,103,3224

ForwardChecking
Max Solutions, Found Solutions, Iterations, TotalMiliseconds
1,1,489,26,7821
2,2,497,11,1018
3,3,860,23,9718
4,4,1104,22,3576
5,5,1206,22,9844
6,6,1287,24,7342
7,7,1313,25,9991
8,8,1380,26,4946
9,9,1388,30,2348
10,10,1571,32,0697
11,11,1579,34,6736
12,12,1779,37,4751
13,13,1795,33,565
14,14,1805,33,639
15,15,1920,37,2999
16,16,1936,37,0564
17,17,1946,40,5857
18,18,2168,42,1003
19,19,2377,46,2513
20,20,2421,48,1577

Solutions for problem futoshiki_6x6

Backtracking
Max Solutions, Found Solutions, Iterations, TotalMiliseconds
1,1,952383,1796,237
2,2,957612,875,5757
3,3,1726327,1515,6552
4,4,1730577,1513,6954
5,5,1751841,1548,3477
6,6,1761470,1533,4385
7,7,1767204,1543,525
8,8,1884957,1660,2639
9,9,1887273,1668,9214
10,10,1893740,1640,6022
11,11,1900429,1653,4903
12,12,2554563,2245,7539
13,13,2759219,2333,5207
14,14,2765083,2307,1264
15,15,2769313,2336,1826
16,16,2774764,2465,5142
17,17,2808474,2463,9431
18,18,2814227,2346,7471
19,19,2834542,2380,543
20,20,2950441,2466,4768

ForwardChecking
Max Solutions, Found Solutions, Iterations, TotalMiliseconds
1,1,28008,230,2878
2,2,30136,212,1811
3,3,30143,207,6249
4,4,36262,253,0545
5,5,36530,262,5365
6,6,36626,249,7296
7,7,36656,252,4974
8,8,36732,254,1044
9,9,36761,263,2411
10,10,40741,283,2735
11,11,40768,291,8413
12,12,40832,301,6752
13,13,40846,281,0466
14,14,44761,313,6529
15,15,44841,318,8677
16,16,71213,500,4049
17,17,71291,496,5129
18,18,74063,502,5637
19,19,74192,508,5384
20,20,74254,508,9525

